3.367634112198745755e-01 -1.200186812892110530e-02 1.565449050640806009e-03 -1.386378811999579852e-01 -4.911160260850047643e-03 6.207582259539480519e-04 -6.266976019289224875e-02 -3.975267088463391163e-02 -6.550615090507730387e-02 -6.120626987795493856e-02 -3.648642268815185247e-02 6.458966837889804080e-02 -7.424949950281584110e-02 9.315212218568369451e-02 -1.269724844128757631e-03
-1.200186812892110530e-02 5.831721455260968634e-01 2.025767159920005447e-04 -4.931293793189378549e-03 -3.384578149900093619e-02 2.778122903702148273e-05 -4.047593726920435675e-02 -1.256802452379974788e-01 -1.176006211535250839e-01 -3.717104802211788211e-02 -1.185985552171177071e-01 1.141569512013424770e-01 9.458014739193412734e-02 -3.050475633488540228e-01 3.213311814907558479e-03
1.565449050640806009e-03 2.025767159920005447e-04 5.820022159715173560e-01 6.202443783742710897e-04 2.908155816407649027e-05 -3.372661363759748426e-02 -6.673554374571023795e-02 -1.177178162618429391e-01 -2.433975938261159488e-01 6.583874234001739489e-02 1.142598733359932867e-01 -2.518504527804544812e-01 -1.288891782345330137e-03 3.226284901060061036e-03 -5.302755742311306142e-02
-1.386378811999579852e-01 -4.931293793189378549e-03 6.202443783742710897e-04 2.095417049072466065e-01 8.923286955730799080e-03 -1.130691224830972274e-03 -2.325763168739313283e-02 6.564598400992952216e-04 3.179818963964848970e-03 -2.312292117171115685e-02 5.400343629731265988e-04 -2.883347144411463336e-03 -2.452327107131112294e-02 -5.188487387926521074e-03 2.139750228870335061e-04
-4.911160260850047643e-03 -3.384578149900093619e-02 2.908155816407649027e-05 8.923286955730799080e-03 2.159373287306856279e-02 -5.699643210791864790e-05 -1.250356592008962202e-02 2.107166467817431655e-03 3.130477962485713091e-03 -1.196581673231516228e-02 1.962492457963231282e-03 -2.879932514855552701e-03 2.045725600214938489e-02 8.182389718001854134e-03 -2.226305777918510950e-04
6.207582259539480519e-04 2.778122903702148273e-05 -3.372661363759748426e-02 -1.130691224830972274e-03 -5.699643210791864790e-05 2.126936049145831259e-02 -1.882339058750466185e-02 1.983872590680231529e-03 5.811954430965434598e-03 1.950895617770869242e-02 -1.871328238725049288e-03 5.772342555754568852e-03 -1.756325819556822947e-04 -8.332915013379495086e-05 8.729561594191674644e-04
-6.266976019289224875e-02 -4.047593726920435675e-02 -6.673554374571023795e-02 -2.325763168739313283e-02 -1.250356592008962202e-02 -1.882339058750466185e-02 7.548131237647141834e-02 4.245200106529695150e-02 6.830637410548168198e-02 4.791589655614222377e-03 5.863476010272746473e-03 6.932615986684674547e-03 5.654490026701150703e-03 4.664026158349640627e-03 1.031994424104853633e-02
-3.975267088463391163e-02 -1.256802452379974788e-01 -1.177178162618429391e-01 6.564598400992952216e-04 2.107166467817431655e-03 1.983872590680231529e-03 4.245200106529695150e-02 1.247885043476055500e-01 1.265058803581865787e-01 5.801452612206098661e-03 9.894940924409118335e-03 1.391776101469988265e-02 -9.157242655281103150e-03 -1.111036683206225936e-02 -2.468969785344994616e-02
-6.550615090507730387e-02 -1.176006211535250839e-01 -2.433975938261159488e-01 3.179818963964848970e-03 3.130477962485713091e-03 5.811954430965434598e-03 6.830637410548168198e-02 1.265058803581865787e-01 2.519227244360111584e-01 -7.352418084277650284e-03 -1.480929323693001322e-02 -1.731954761645706706e-02 1.372375781569811588e-03 2.773556145645921910e-03 2.982461763415001407e-03
-6.120626987795493856e-02 -3.717104802211788211e-02 6.583874234001739489e-02 -2.312292117171115685e-02 -1.196581673231516228e-02 1.950895617770869242e-02 4.791589655614222377e-03 5.801452612206098661e-03 -7.352418084277650284e-03 7.400616234867855858e-02 3.900427181228689061e-02 -6.751273759637298200e-02 5.531439000747967634e-03 4.331140396878076226e-03 -1.048254274782476313e-02
-3.648642268815185247e-02 -1.185985552171177071e-01 1.142598733359932867e-01 5.400343629731265988e-04 1.962492457963231282e-03 -1.871328238725049288e-03 5.863476010272746473e-03 9.894940924409118335e-03 -1.480929323693001322e-02 3.900427181228689061e-02 1.172000621785554142e-01 -1.227919704101179399e-01 -8.921359408130206947e-03 -1.045894035273511880e-02 2.521271808567602038e-02
6.458966837889804080e-02 1.141569512013424770e-01 -2.518504527804544812e-01 -2.883347144411463336e-03 -2.879932514855552701e-03 5.772342555754568852e-03 6.932615986684674547e-03 1.391776101469988265e-02 -1.731954761645706706e-02 -6.751273759637298200e-02 -1.227919704101179399e-01 2.609652936279312496e-01 -1.126199785449568487e-03 -2.402810478103313899e-03 2.432364146287677945e-03
-7.424949950281584110e-02 9.458014739193412734e-02 -1.288891782345330137e-03 -2.452327107131112294e-02 2.045725600214938489e-02 -1.756325819556822947e-04 5.654490026701150703e-03 -9.157242655281103150e-03 1.372375781569811588e-03 5.531439000747967634e-03 -8.921359408130206947e-03 -1.126199785449568487e-03 8.758684190368069833e-02 -9.695880110754544201e-02 1.218348373089558337e-03
9.315212218568369451e-02 -3.050475633488540228e-01 3.226284901060061036e-03 -5.188487387926521074e-03 8.182389718001854134e-03 -8.332915013379495086e-05 4.664026158349640627e-03 -1.111036683206225936e-02 2.773556145645921910e-03 4.331140396878076226e-03 -1.045894035273511880e-02 -2.402810478103313899e-03 -9.695880110754544201e-02 3.184344813957791787e-01 -3.513701419361380841e-03
-1.269724844128757631e-03 3.213311814907558479e-03 -5.302755742311306142e-02 2.139750228870335061e-04 -2.226305777918510950e-04 8.729561594191674644e-04 1.031994424104853633e-02 -2.468969785344994616e-02 2.982461763415001407e-03 -1.048254274782476313e-02 2.521271808567602038e-02 2.432364146287677945e-03 1.218348373089558337e-03 -3.513701419361380841e-03 4.673977523350275609e-02
