1.075176871504842893e+03 2.160340958156552915e+00 -4.519855330232352308e+00 -4.597820567185349319e+02 2.914115399711147969e+00 -5.905152656417638646e+00 -1.873757942773349328e+02 -2.177495539229406063e+01 2.031999758829737175e+02 -1.716506771925899386e+02 1.701331887846984614e+02 -7.573824910275141065e+01 -1.768494412393519610e+02 -1.543131189773329197e+02 -1.151613803861422127e+02 -2.624005296529281139e+01 2.665233594645362025e+00 1.242518654600138994e+00 -2.807501799190546876e+01 6.079197748562331638e-01 -3.747406082066261135e+00 -2.520383111983246849e+01 -2.392724142440780799e+00 6.295490200359916688e-01
2.160340958156553803e+00 1.289424290693621970e+03 8.483992363063371997e-03 2.916626936343772236e+00 -1.800057246733856289e+02 7.052364867824481576e-02 -2.192605205867807427e+01 -1.175945426353382288e+02 5.427605446951258017e+01 1.693512238892561470e+02 -5.524152133636758890e+02 1.964818364871534300e+02 -1.536967029811649752e+02 -4.474200113972154327e+02 -2.507897905369815135e+02 -5.881600525536183710e+01 4.440329015266886614e+00 2.487775174032856196e+00 -7.713366039297576471e+00 -1.115619545422463332e+00 -1.006102606827782742e+00 6.772393455074603708e+01 4.686491906149077735e+00 -1.528780627930694136e+00
-4.519855330232352308e+00 8.483992363063387609e-03 1.289312801944825651e+03 -5.904669562244432512e+00 8.570737055150898231e-02 -1.801155139357601627e+02 2.020752307904836869e+02 5.424679034121746923e+01 -6.186006670231021189e+02 -7.537429570310031579e+01 1.964525408450399198e+02 -1.993153398375136760e+02 -1.146079321468997279e+02 -2.507303276993829684e+02 -2.991714093368175895e+02 -4.399750633395907329e+01 4.283839412013014325e+00 5.747901813244393754e-01 7.221866445824848313e+01 -1.655831328888622167e+00 7.937077825501273942e+00 -2.988963617229630287e+01 -2.691202932913678847e+00 -6.217398184580152920e-01
-4.597820567185348750e+02 2.916626936343772236e+00 -5.904669562244432512e+00 1.075174108499552403e+03 2.158070826348864379e+00 -4.520233915906769262e+00 -2.800761690842604779e+01 6.227574071755170859e-01 -3.743499968397455024e+00 -2.527737353166114076e+01 -2.383318383909617033e+00 6.508012657725967820e-01 -2.625772891179925139e+01 2.635152414259215981e+00 1.224571718168700141e+00 -1.768477116660625938e+02 -1.542810659134308366e+02 -1.152483506744700179e+02 -1.872804631074979795e+02 -2.184563956401763463e+01 2.031969356560449285e+02 -1.717211576555723411e+02 1.701774162772281613e+02 -7.565555451896709371e+01
2.914115399711147525e+00 -1.800057246733856005e+02 8.570737055150896844e-02 2.158070826348864379e+00 1.289426878544961482e+03 1.167464322203513524e-02 -7.517033046583057043e+00 -1.096129991596362041e+00 -1.008241845513552448e+00 6.762650077696990536e+01 4.648253786103770047e+00 -1.530156235289008126e+00 -5.892076046411037993e+01 4.454880678612060940e+00 2.478579894231407899e+00 -1.537199231854446850e+02 -4.471990334315828477e+02 -2.508591653859958228e+02 -2.184220703496320226e+01 -1.176130009363079836e+02 5.447798768622561738e+01 1.693012367280670389e+02 -5.526161239768034648e+02 1.963436138725634237e+02
-5.905152656417641310e+00 7.052364867824482964e-02 -1.801155139357601058e+02 -4.520233915906769262e+00 1.167464322203512136e-02 1.289311888099133967e+03 7.254684208346465368e+01 -1.600240312877080795e+00 7.948858551233628944e+00 -3.013635284094651823e+01 -2.617593833942299497e+00 -6.268272739413257577e-01 -4.408305985746324751e+01 4.162325334332652282e+00 5.721723375884517626e-01 -1.147779281577833643e+02 -2.509155537155070874e+02 -2.993974250053920514e+02 2.024017678007519692e+02 5.452185840736526501e+01 -6.185409693694294901e+02 -7.552588245569417325e+01 1.963670058287305835e+02 -1.991521834034323888e+02
-1.873757942773349328e+02 -2.192605205867807427e+01 2.020752307904836869e+02 -2.800761690842600871e+01 -7.517033046583056155e+00 7.254684208346462526e+01 2.077491371885870421e+02 2.362677480868194380e+01 -2.222384775660414107e+02 8.591780369330965783e+00 -1.807049974222899036e-01 -2.465053012080164763e+01 8.755964399247936569e+00 5.541718309222964933e+00 -2.484693243544224828e+01 3.278844713945780143e+00 -1.222506007890649338e+00 -6.049960171420027955e-01 -1.598538375382762489e+01 4.510304943361947982e-01 -2.017173747907081260e+00 2.993068268476827054e+00 1.226772498332957984e+00 -2.639629866140057457e-01
-2.177495539229406063e+01 -1.175945426353382999e+02 5.424679034121746213e+01 6.227574071755148655e-01 -1.096129991596349607e+00 -1.600240312877078130e+00 2.362677480868194024e+01 1.125174497275015000e+02 -5.950125547687973437e+01 -2.608494394332975830e+01 -3.562728746871532959e+00 5.998024813874705785e+01 2.358204849383303525e+01 7.665029236829424164e+00 -5.267990350332849658e+01 -3.535918142310412460e-01 -1.948690083565406683e-01 1.067251015415653370e+00 3.733417450182221486e-01 2.031530856279114339e+00 -1.846481590305564247e-01 8.568695146131144816e-03 2.342605615526393292e-01 -1.328242043264301397e+00
2.031999758829737175e+02 5.427605446951258727e+01 -6.186006670231021189e+02 -3.743499968397486999e+00 -1.008241845513548673e+00 7.948858551233613845e+00 -2.222384775660414391e+02 -5.950125547687974148e+01 6.622760337709091800e+02 8.298416709285699966e+00 -5.781810566670481100e-01 -2.294158969166343454e+01 1.382781189430217772e+01 7.249909158021708322e+00 -3.466349063589619561e+01 1.308707081653440740e+00 5.540072790998885610e-01 1.359211235636956117e+00 -2.009289661186668408e+00 -1.821520368834601555e-01 3.713828615631807217e+00 1.356355627410535503e+00 -8.101404906903214576e-01 9.078151772502320860e-01
-1.716506771925899386e+02 1.693512238892562038e+02 -7.537429570310031579e+01 -2.527737353166110168e+01 6.762650077696991957e+01 -3.013635284094652178e+01 8.591780369330958678e+00 -2.608494394332976896e+01 8.298416709285692860e+00 1.902967882765103980e+02 -1.866025608838481844e+02 8.336587091017433693e+01 7.662668043848373856e+00 -2.209072935492684664e+01 1.301283262726817647e+01 3.187506475494645830e+00 -9.515253155182845646e-01 -7.995213191293892852e-01 3.190595658203658314e+00 1.724445066116407285e-02 1.369242654209846588e+00 -1.600128809913707428e+01 -1.265209619264123564e+00 2.638069622381977175e-01
1.701331887846984614e+02 -5.524152133636758890e+02 1.964525408450398913e+02 -2.383318383909616589e+00 4.648253786103787810e+00 -2.617593833942317705e+00 -1.807049974222988131e-01 -3.562728746871524965e+00 -5.781810566670484430e-01 -1.866025608838481844e+02 5.896700196418513542e+02 -2.155696733240332890e+02 1.795802172530699181e+01 -4.374978398273708535e+01 2.379983673341433104e+01 1.102907322242275834e+00 1.678445865326950281e+00 2.721285972235546261e-02 1.253244475612706799e+00 2.158644115280969611e-01 -8.230111836218445553e-01 -1.280778042680276396e+00 3.515142388473973867e+00 -6.911310399122285730e-01
-7.573824910275141065e+01 1.964818364871534584e+02 -1.993153398375137613e+02 6.508012657725992245e-01 -1.530156235289014344e+00 -6.268272739413260908e-01 -2.465053012080162276e+01 5.998024813874705075e+01 -2.294158969166340967e+01 8.336587091017433693e+01 -2.155696733240332890e+02 2.022692380550717530e+02 1.701100151457802312e+01 -3.785659408966309059e+01 1.798783266109574797e+01 -5.957815219231425985e-01 4.794419938203589027e-01 -5.812212656665320942e-01 -2.814415058570010064e-01 -1.312130177005436993e+00 9.188248219451582433e-01 2.383285608081746332e-01 -6.729727937299490037e-01 2.289082530672431393e+00
-1.768494412393519610e+02 -1.536967029811649468e+02 -1.146079321468997421e+02 -2.625772891179924784e+01 -5.892076046411037282e+01 -4.408305985746324041e+01 8.755964399247949004e+00 2.358204849383304236e+01 1.382781189430217061e+01 7.662668043848393395e+00 1.795802172530698826e+01 1.701100151457803733e+01 1.959410779676582024e+02 1.688795259403084401e+02 1.265644274809284866e+02 -1.582630926219325218e+01 1.509067804127351531e+00 5.736787925018415057e-01 3.264566801080425407e+00 -4.014642658049157875e-01 1.337655469936679831e+00 3.309202201509518826e+00 1.090263747504500724e+00 -6.235831478841806774e-01
-1.543131189773329481e+02 -4.474200113972153758e+02 -2.507303276993829684e+02 2.635152414259242182e+00 4.454880678612152423e+00 4.162325334332678040e+00 5.541718309222968486e+00 7.665029236829389525e+00 7.249909158021714539e+00 -2.209072935492684664e+01 -4.374978398273704272e+01 -3.785659408966311901e+01 1.688795259403084117e+02 4.744398787636932298e+02 2.752166471627594433e+02 1.475757671439233754e+00 3.114203450478239432e+00 8.721174296761253775e-01 -1.182029375825083051e+00 -1.704663075914339687e-01 5.674848337513825891e-01 -9.462766271450331335e-01 1.666269557930932788e+00 5.184378705047699709e-01
-1.151613803861422127e+02 -2.507897905369815703e+02 -2.991714093368175895e+02 1.224571718168686818e+00 2.478579894231411451e+00 5.721723375884677498e-01 -2.484693243544221986e+01 -5.267990350332850369e+01 -3.466349063589616009e+01 1.301283262726817469e+01 2.379983673341432393e+01 1.798783266109573731e+01 1.265644274809284724e+02 2.752166471627593864e+02 3.118142860182957179e+02 5.658473514194328757e-01 8.983198029442384103e-01 2.670775244842604756e+00 -5.430723081513177952e-01 1.062456461120068196e+00 1.365006663657887698e+00 -8.162940480490532558e-01 1.385398584058486135e-02 -5.751729527665937480e-01
-2.624005296529279363e+01 -5.881600525536180868e+01 -4.399750633395904487e+01 -1.768477116660625370e+02 -1.537199231854446850e+02 -1.147779281577833927e+02 3.278844713945767708e+00 -3.535918142310462420e-01 1.308707081653435855e+00 3.187506475494662261e+00 1.102907322242275834e+00 -5.957815219231380466e-01 -1.582630926219326462e+01 1.475757671439275720e+00 5.658473514194473086e-01 1.958390997249205725e+02 1.688364904698554767e+02 1.266853231305195635e+02 8.911736173023962593e+00 2.352632977253634294e+01 1.383404703277395065e+01 7.696886806164335404e+00 1.794803501896452858e+01 1.697729141729978508e+01
2.665233594645363802e+00 4.440329015266846646e+00 4.283839412013012549e+00 -1.542810659134308651e+02 -4.471990334315828477e+02 -2.509155537155071158e+02 -1.222506007890650448e+00 -1.948690083565293163e-01 5.540072790998906704e-01 -9.515253155182784583e-01 1.678445865326942954e+00 4.794419938203616227e-01 1.509067804127350643e+00 3.114203450478293611e+00 8.983198029442390764e-01 1.688364904698554483e+02 4.741485000090900144e+02 2.752680856910493503e+02 5.601071126324685956e+00 7.741269704932183693e+00 7.272325945380621270e+00 -2.215676575811177074e+01 -4.372884560515424113e+01 -3.784046640879910939e+01
1.242518654600140326e+00 2.487775174032850423e+00 5.747901813244380431e-01 -1.152483506744700179e+02 -2.508591653859957660e+02 -2.993974250053922219e+02 -6.049960171420106780e-01 1.067251015415657367e+00 1.359211235636959669e+00 -7.995213191293747412e-01 2.721285972235008843e-02 -5.812212656665364241e-01 5.736787925018568268e-01 8.721174296761275979e-01 2.670775244842610086e+00 1.266853231305195777e+02 2.752680856910494072e+02 3.120507504365807563e+02 -2.489924818552824703e+01 -5.263990100383435333e+01 -3.466973421092942687e+01 1.305059561865120976e+01 2.377662421993462871e+01 1.799285338360544984e+01
-2.807501799190548653e+01 -7.713366039297580912e+00 7.221866445824848313e+01 -1.872804631074979795e+02 -2.184220703496320226e+01 2.024017678007519976e+02 -1.598538375382762489e+01 3.733417450182267006e-01 -2.009289661186672404e+00 3.190595658203668084e+00 1.253244475612711017e+00 -2.814415058570056694e-01 3.264566801080419634e+00 -1.182029375825087270e+00 -5.430723081512993655e-01 8.911736173023985685e+00 5.601071126324686844e+00 -2.489924818552828967e+01 2.073926478043992176e+02 2.374648929416447274e+01 -2.222465937396716527e+02 8.581318416525750337e+00 -2.365441910328040243e-01 -2.464078685860553364e+01
6.079197748562367165e-01 -1.115619545422464887e+00 -1.655831328888623055e+00 -2.184563956401761331e+01 -1.176130009363080831e+02 5.452185840736527211e+01 4.510304943362000718e-01 2.031530856279113895e+00 -1.821520368834623760e-01 1.724445066116201200e-02 2.158644115280905218e-01 -1.312130177005433218e+00 -4.014642658049187851e-01 -1.704663075914219783e-01 1.062456461120077966e+00 2.352632977253635360e+01 7.741269704932183693e+00 -5.263990100383437465e+01 2.374648929416446919e+01 1.125210922393482917e+02 -5.974826332066563594e+01 -2.610190995673207581e+01 -3.610670422764859389e+00 5.995396299879111979e+01
-3.747406082066263799e+00 -1.006102606827789625e+00 7.937077825501276607e+00 2.031969356560449000e+02 5.447798768622562449e+01 -6.185409693694293765e+02 -2.017173747907099468e+00 -1.846481590305533160e-01 3.713828615631796559e+00 1.369242654209840149e+00 -8.230111836218463317e-01 9.188248219451620180e-01 1.337655469936687824e+00 5.674848337513981322e-01 1.365006663657879704e+00 1.383404703277393821e+01 7.272325945380638146e+00 -3.466973421092949792e+01 -2.222465937396716527e+02 -5.974826332066562173e+01 6.621865432102991917e+02 8.273292756672317338e+00 -5.557731952168225575e-01 -2.291057755667678819e+01
-2.520383111983248625e+01 6.772393455074599444e+01 -2.988963617229630643e+01 -1.717211576555723695e+02 1.693012367280669537e+02 -7.552588245569415903e+01 2.993068268476846150e+00 8.568695146139008317e-03 1.356355627410539944e+00 -1.600128809913704941e+01 -1.280778042680284612e+00 2.383285608081788520e-01 3.309202201509506391e+00 -9.462766271450337996e-01 -8.162940480490709083e-01 7.696886806164350503e+00 -2.215676575811180982e+01 1.305059561865121864e+01 8.581318416525746784e+00 -2.610190995673205450e+01 8.273292756672331549e+00 1.903458011818646582e+02 -1.865480095892891939e+02 8.331324011249621719e+01
-2.392724142440778579e+00 4.686491906149087505e+00 -2.691202932913677071e+00 1.701774162772281613e+02 -5.526161239768034648e+02 1.963670058287305551e+02 1.226772498332950878e+00 2.342605615526413276e-01 -8.101404906903221237e-01 -1.265209619264130447e+00 3.515142388473965429e+00 -6.729727937299442297e-01 1.090263747504493841e+00 1.666269557930904588e+00 1.385398584060411678e-02 1.794803501896453568e+01 -4.372884560515422692e+01 2.377662421993464292e+01 -2.365441910327903130e-01 -3.610670422764870935e+00 -5.557731952167794809e-01 -1.865480095892892507e+02 5.898534755906134706e+02 -2.154273946219510663e+02
6.295490200359900035e-01 -1.528780627930723002e+00 -6.217398184580159581e-01 -7.565555451896705108e+01 1.963436138725633953e+02 -1.991521834034324741e+02 -2.639629866140100756e-01 -1.328242043264290739e+00 9.078151772502409678e-01 2.638069622382038792e-01 -6.911310399122190251e-01 2.289082530672430504e+00 -6.235831478841814546e-01 5.184378705047787417e-01 -5.751729527665923047e-01 1.697729141729977442e+01 -3.784046640879915202e+01 1.799285338360546405e+01 -2.464078685860552298e+01 5.995396299879112689e+01 -2.291057755667688411e+01 8.331324011249621719e+01 -2.154273946219510663e+02 2.020699226398036785e+02
