4.798014999499707334e-01 9.640598301525148388e-04 -2.017001504103304275e-03 -2.051793768172048282e-01 1.300434353514104109e-03 -2.635195359082810693e-03 -8.361711410584179993e-02 -9.717151229214602420e-03 9.067871138447337886e-02 -7.659972472172167646e-02 7.592254012674061470e-02 -3.379846282614252378e-02 -7.891969165333100056e-02 -6.886277775270124857e-02 -5.139117526611648029e-02 -1.170971688955035374e-02 1.189369963509428942e-03 5.544783653675171243e-04 -1.252857655390700493e-02 2.712863599986352629e-04 -1.672293281923463134e-03 -1.124729920841391513e-02 -1.067761651999433797e-03 2.809384875276704145e-04
9.640598301525151641e-04 5.754101721708587691e-01 3.786011743039589236e-06 1.301555135662092267e-03 -8.032819435279571485e-02 3.147142885468423129e-05 -9.784578653566675110e-03 -5.247698256696729097e-02 2.422088219716801369e-02 7.557358551314635742e-02 -2.465172521764768532e-01 8.768071780368136281e-02 -6.858769992374778857e-02 -1.996627701594397841e-01 -1.119158353019321928e-01 -2.624685136975703562e-02 1.981512603423624379e-03 1.110178512646593438e-03 -3.442117007351820288e-03 -4.978491869137936570e-04 -4.489768638567403374e-04 3.022204647546237327e-02 2.091363668311197344e-03 -6.822237883046773166e-04
-2.017001504103304275e-03 3.786011743039596013e-06 5.753604199204916947e-01 -2.634979776591162438e-03 3.824721870163176406e-05 -8.037718820130733410e-02 9.017678988974967003e-02 2.420782297591535584e-02 -2.760527460866236682e-01 -3.363604732810444170e-02 8.766764451927525070e-02 -8.894517874368772226e-02 -5.114419702247034044e-02 -1.118892997993305299e-01 -1.335063046334374337e-01 -1.963404356303326270e-02 1.911678561827571000e-03 2.565021611467387802e-04 3.222783567037992153e-02 -7.389206151290761545e-04 3.541949186988263814e-03 -1.333835636582708303e-02 -1.200958873003368397e-03 -2.774536035705959429e-04
-2.051793768172048005e-01 1.301555135662092267e-03 -2.634979776591162438e-03 4.798002669490404881e-01 9.630467757655760807e-04 -2.017170449305957878e-03 -1.249849858086949164e-02 2.779077061521611396e-04 -1.670550164816930533e-03 -1.128011777105277641e-02 -1.063564298828040570e-03 2.904223777153906272e-04 -1.171760484349690379e-02 1.175946129857447908e-03 5.464694812038734624e-04 -7.891891982510394754e-02 -6.884847395902246592e-02 -5.142998606636402931e-02 -8.357457223250727707e-02 -9.748694292048743285e-03 9.067735467240183034e-02 -7.663117687880612039e-02 7.594227680246082302e-02 -3.376156007424281624e-02
1.300434353514103893e-03 -8.032819435279570097e-02 3.824721870163175729e-05 9.630467757655760807e-04 5.754113270087158893e-01 5.209851028020356424e-06 -3.354502711610648537e-03 -4.891519042555170964e-04 -4.499315067228454724e-04 3.017856630764761960e-02 2.074299771347595973e-03 -6.828376579770574365e-04 -2.629359875394767301e-02 1.988006334906156688e-03 1.106075086356350006e-03 -6.859806202242924034e-02 -1.995641579569488455e-01 -1.119467940748541668e-01 -9.747162513759432753e-03 -5.248521964937347822e-02 2.431099561277100252e-02 7.555127856481774762e-02 -2.466069092515956462e-01 8.761903547069510578e-02
-2.635195359082811561e-03 3.147142885468423806e-05 -8.037718820130730635e-02 -2.017170449305957878e-03 5.209851028020351342e-06 5.753600121136041023e-01 3.237428610193389400e-02 -7.141129266705728866e-04 3.547206377713518245e-03 -1.344845455601169186e-02 -1.168110550990077764e-03 -2.797238986601886411e-04 -1.967222212694326802e-02 1.857452472817236206e-03 2.553339390760728743e-04 -5.122005834647121864e-02 -1.119719575672954576e-01 -1.336071649287695340e-01 9.032250819105260009e-02 2.433057307799049718e-02 -2.760261057965144316e-01 -3.370369345516936038e-02 8.762947421426670047e-02 -8.887236960514187378e-02
-8.361711410584179993e-02 -9.784578653566675110e-03 9.017678988974967003e-02 -1.249849858086947429e-02 -3.354502711610648103e-03 3.237428610193388706e-02 9.270879078424013042e-02 1.054353222490679066e-02 -9.917471042093961575e-02 3.834112523901276291e-03 -8.064024730212005323e-05 -1.100038667123550730e-02 3.907380230740744448e-03 2.473011490048051837e-03 -1.108803190213255262e-02 1.463196106192591337e-03 -5.455476506510234698e-04 -2.699816227279994043e-04 -7.133534310152654830e-03 2.012739610021534197e-04 -9.001709537807540788e-04 1.335667351789174848e-03 5.474515871734644866e-04 -1.177944208671564101e-04
-9.717151229214602420e-03 -5.247698256696731872e-02 2.420782297591535237e-02 2.779077061521601638e-04 -4.891519042555115670e-04 -7.141129266705716939e-04 1.054353222490679066e-02 5.021131181350703410e-02 -2.655264671640094470e-02 -1.164049893726173783e-02 -1.589880364773212833e-03 2.676639889403783015e-02 1.052357294795387005e-02 3.420546537467599943e-03 -2.350859415599220598e-02 -1.577916037206356927e-04 -8.696098751861075602e-05 4.762645585026922335e-04 1.666050805231403828e-04 9.065778644150987355e-04 -8.239989718330046622e-05 3.823810661006428294e-06 1.045396081249061004e-04 -5.927327322088468339e-04
9.067871138447337886e-02 2.422088219716801716e-02 -2.760527460866236682e-01 -1.670550164816944844e-03 -4.499315067228437377e-04 3.547206377713511306e-03 -9.917471042093962963e-02 -2.655264671640094817e-02 2.955430337144937525e-01 3.703197948029190827e-03 -2.580153513191147524e-04 -1.023776593137710848e-02 6.170710200105292836e-03 3.235297727016049184e-03 -1.546870588587604886e-02 5.840151861652479424e-04 2.472277171692595626e-04 6.065528443656883735e-04 -8.966526520627351397e-04 -8.128599380426024474e-05 1.657309218197071561e-03 6.052785190461821207e-04 -3.615280731061286932e-04 4.051157491068184597e-04
-7.659972472172167646e-02 7.557358551314638517e-02 -3.363604732810444170e-02 -1.128011777105275906e-02 3.017856630764762307e-02 -1.344845455601169359e-02 3.834112523901272822e-03 -1.164049893726174130e-02 3.703197948029187791e-03 8.492061805881251368e-02 -8.327205595602585331e-02 3.720231616529626195e-02 3.419492846708429169e-03 -9.858066482259715199e-03 5.807022805859405473e-03 1.422436092679368099e-03 -4.246215536491716193e-04 -3.567892300578866835e-04 1.423814651441824555e-03 7.695397392114120653e-06 6.110294005542179618e-04 -7.140631680769003384e-03 -5.646042889896033153e-04 1.177247944349614186e-04
7.592254012674061470e-02 -2.465172521764768532e-01 8.766764451927523683e-02 -1.063564298828040353e-03 2.074299771347604213e-03 -1.168110550990085787e-03 -8.064024730212403767e-05 -1.589880364773209147e-03 -2.580153513191149150e-04 -8.327205595602585331e-02 2.631423418769240352e-01 -9.619873282786708946e-02 8.013831015428093604e-03 -1.952349658342693653e-02 1.062076172385854021e-02 4.921763121420215251e-04 7.490124323838470060e-04 1.214383536212021668e-05 5.592648011125701249e-04 9.633026079889233674e-05 -3.672716655676155754e-04 -5.715517532672450239e-04 1.568644783222477006e-03 -3.084196827520547515e-04
-3.379846282614252378e-02 8.768071780368137669e-02 -8.894517874368776389e-02 2.904223777153917114e-04 -6.828376579770601470e-04 -2.797238986601887495e-04 -1.100038667123549516e-02 2.676639889403782668e-02 -1.023776593137709634e-02 3.720231616529626195e-02 -9.619873282786708946e-02 9.026336632104905999e-02 7.591219880801720367e-03 -1.689363965000035411e-02 8.027134251468075535e-03 -2.658696214894468320e-04 2.139526936177929767e-04 -2.593720553896479561e-04 -1.255942721957624614e-04 -5.855427546313188986e-04 4.100288421787968594e-04 1.063549672498372234e-04 -3.003165008611305810e-04 1.021511214418790135e-03
-7.891969165333100056e-02 -6.858769992374777469e-02 -5.114419702247034738e-02 -1.171760484349690205e-02 -2.629359875394766954e-02 -1.967222212694326455e-02 3.907380230740749652e-03 1.052357294795387352e-02 6.170710200105289367e-03 3.419492846708437842e-03 8.013831015428091870e-03 7.591219880801726438e-03 8.743940239257008695e-02 7.536308862707433165e-02 5.647982555713416952e-02 -7.062546752930439625e-03 6.734268706255839686e-04 2.560061999349209157e-04 1.456824536834552515e-03 -1.791548553680404488e-04 5.969335073155087332e-04 1.476743242904533272e-03 4.865340719816436282e-04 -2.782761958779789743e-04
-6.886277775270126245e-02 -1.996627701594397564e-01 -1.118892997993305299e-01 1.175946129857459617e-03 1.988006334906197454e-03 1.857452472817247482e-03 2.473011490048053571e-03 3.420546537467584764e-03 3.235297727016052220e-03 -9.858066482259715199e-03 -1.952349658342691571e-02 -1.689363965000036452e-02 7.536308862707431777e-02 2.117204819968794838e-01 1.228164068811064130e-01 6.585621055335648660e-04 1.389724357256231710e-03 3.891855023866492712e-04 -5.274848097429967689e-04 -7.607119557810790528e-05 2.532421238299923066e-04 -4.222793078094417402e-04 7.435787119353368026e-04 2.313547421745640689e-04
-5.139117526611648029e-02 -1.119158353019322205e-01 -1.335063046334374337e-01 5.464694812038674993e-04 1.106075086356351524e-03 2.553339390760800301e-04 -1.108803190213253874e-02 -2.350859415599220945e-02 -1.546870588587603325e-02 5.807022805859404606e-03 1.062076172385853848e-02 8.027134251468070331e-03 5.647982555713416258e-02 1.228164068811063714e-01 1.391482332837119529e-01 2.525113915199572105e-04 4.008784045774243165e-04 1.191842944604263764e-03 -2.423479475219731977e-04 4.741249716090552313e-04 6.091390747162381573e-04 -3.642741199464176959e-04 6.182390416652793311e-06 -2.566729742631208605e-04
-1.170971688955034506e-02 -2.624685136975702521e-02 -1.963404356303325229e-02 -7.891891982510390591e-02 -6.859806202242924034e-02 -5.122005834647123251e-02 1.463196106192585699e-03 -1.577916037206379153e-04 5.840151861652457740e-04 1.422436092679375472e-03 4.921763121420215251e-04 -2.658696214894448262e-04 -7.062546752930445697e-03 6.585621055335836227e-04 2.525113915199636615e-04 8.739389423933080492e-02 7.534388389544213749e-02 5.653377567041184548e-02 3.976893938381234270e-03 1.049870827055801939e-02 6.173492652807204169e-03 3.434763091001026558e-03 8.009374412231293899e-03 7.576176630089937261e-03
1.189369963509429810e-03 1.981512603423606599e-03 1.911678561827569916e-03 -6.884847395902247980e-02 -1.995641579569488455e-01 -1.119719575672954714e-01 -5.455476506510239035e-04 -8.696098751860568737e-05 2.472277171692604841e-04 -4.246215536491689088e-04 7.490124323838437534e-04 2.139526936177941964e-04 6.734268706255835350e-04 1.389724357256255779e-03 4.008784045774246418e-04 7.534388389544212361e-02 2.115904531921150022e-01 1.228393615071617234e-01 2.499497895612007563e-03 3.454569117307318589e-03 3.245301298041356267e-03 -9.887535461865907746e-03 -1.951415275801827651e-02 -1.688644261509908776e-02
5.544783653675177748e-04 1.110178512646590836e-03 2.565021611467381839e-04 -5.142998606636402931e-02 -1.119467940748541390e-01 -1.336071649287696173e-01 -2.699816227280028738e-04 4.762645585026940224e-04 6.065528443656899998e-04 -3.567892300578801783e-04 1.214383536211781788e-05 -2.593720553896499076e-04 2.560061999349277462e-04 3.891855023866502470e-04 1.191842944604266149e-03 5.653377567041184548e-02 1.228393615071617373e-01 1.392537563707359205e-01 -1.111137799153190560e-02 -2.349074289842918370e-02 -1.547149210342349535e-02 5.823874674968919883e-03 1.061040305722392441e-02 8.029374766731035146e-03
-1.252857655390701187e-02 -3.442117007351822022e-03 3.222783567037992153e-02 -8.357457223250727707e-02 -9.747162513759432753e-03 9.032250819105261397e-02 -7.133534310152654830e-03 1.666050805231424157e-04 -8.966526520627369828e-04 1.423814651441828892e-03 5.592648011125718596e-04 -1.255942721957645485e-04 1.456824536834549913e-03 -5.274848097429986121e-04 -2.423479475219649849e-04 3.976893938381245545e-03 2.499497895612007563e-03 -1.111137799153192642e-02 9.254970612962869214e-02 1.059695523950332334e-02 -9.917833229226594161e-02 3.829443840281507652e-03 -1.055586858961563810e-04 -1.099603870585418378e-02
2.712863599986368350e-04 -4.978491869137943076e-04 -7.389206151290765882e-04 -9.748694292048732876e-03 -5.248521964937352680e-02 2.433057307799049718e-02 2.012739610021557508e-04 9.065778644150985187e-04 -8.128599380426123407e-05 7.695397392113200775e-06 9.633026079888947716e-05 -5.855427546313171638e-04 -1.791548553680417770e-04 -7.607119557810256558e-05 4.741249716090596223e-04 1.049870827055802459e-02 3.454569117307318589e-03 -2.349074289842919064e-02 1.059695523950332161e-02 5.021293729736368838e-02 -2.666287484452465467e-02 -1.164807008103756203e-02 -1.611274508019187044e-03 2.675466905691846822e-02
-1.672293281923464218e-03 -4.489768638567433732e-04 3.541949186988265549e-03 9.067735467240181646e-02 2.431099561277100599e-02 -2.760261057965143761e-01 -9.001709537807623188e-04 -8.239989718329907031e-05 1.657309218197067007e-03 6.110294005542150344e-04 -3.672716655676163343e-04 4.100288421787984857e-04 5.969335073155124195e-04 2.532421238299992455e-04 6.091390747162346879e-04 6.173492652807199832e-03 3.245301298041364073e-03 -1.547149210342352657e-02 -9.917833229226594161e-02 -2.666287484452464773e-02 2.955030982337835677e-01 3.691986294888158129e-03 -2.480157635122810984e-04 -1.022392665592616011e-02
-1.124729920841392207e-02 3.022204647546235246e-02 -1.333835636582708477e-02 -7.663117687880613427e-02 7.555127856481771986e-02 -3.370369345516935344e-02 1.335667351789183305e-03 3.823810661009937551e-06 6.052785190461841807e-04 -7.140631680768991241e-03 -5.715517532672486018e-04 1.063549672498391072e-04 1.476743242904527851e-03 -4.222793078094420113e-04 -3.642741199464255564e-04 3.434763091001033497e-03 -9.887535461865925093e-03 5.823874674968923353e-03 3.829443840281506351e-03 -1.164807008103755162e-02 3.691986294888164634e-03 8.494249024201243337e-02 -8.324771224696059235e-02 3.717882948478928862e-02
-1.067761651999432930e-03 2.091363668311201681e-03 -1.200958873003367747e-03 7.594227680246082302e-02 -2.466069092515956462e-01 8.762947421426668659e-02 5.474515871734612340e-04 1.045396081249069949e-04 -3.615280731061289643e-04 -5.646042889896063510e-04 1.568644783222473537e-03 -3.003165008611284126e-04 4.865340719816405382e-04 7.435787119353242259e-04 6.182390416661386461e-06 8.009374412231297369e-03 -1.951415275801826957e-02 1.061040305722392961e-02 -1.055586858961502552e-04 -1.611274508019192465e-03 -2.480157635122619080e-04 -8.324771224696062011e-02 2.632242097460381069e-01 -9.613524045142261831e-02
2.809384875276697098e-04 -6.822237883046902186e-04 -2.774536035705962682e-04 -3.376156007424279543e-02 8.761903547069509191e-02 -8.887236960514191542e-02 -1.177944208671583346e-04 -5.927327322088420634e-04 4.051157491068224713e-04 1.177247944349641697e-04 -3.084196827520505231e-04 1.021511214418789702e-03 -2.782761958779793538e-04 2.313547421745679991e-04 -2.566729742631202642e-04 7.576176630089932057e-03 -1.688644261509910857e-02 8.029374766731040350e-03 -1.099603870585418031e-02 2.675466905691847169e-02 -1.022392665592620348e-02 3.717882948478928862e-02 -9.613524045142261831e-02 9.017442110864422322e-02
